begin none 88.504 0.511951489493847 4.136621156304349 8.028272
op 0 88.016 0.5354229646110534 4.531462819777493 8.028272
op 1 87.752 0.548994273223877 4.5515111238133 8.028272
op 2 87.828 0.5440522167396545 4.550801459017902 8.028272
op 3 87.88 0.5387147323226928 4.546621013102299 8.028272
op 4 88.084 0.5264044723510742 4.51299217331713 8.028272
op 5 87.428 0.5570315137195587 4.576532631184149 8.028272
op 6 87.932 0.5462753019332885 4.576367430810729 8.028272
op 0 85.328 0.6291021301078796 4.382277883542188 8.028272
op 1 85.332 0.63214233212471 4.35412793304091 8.028272
op 2 85.412 0.6370512029457093 4.391869659480803 8.028272
op 3 85.264 0.6400780648231507 4.345595739421985 8.028272
op 4 84.984 0.6525912389373779 4.362132212086955 8.028272
op 5 85.096 0.6460046588325501 4.363875889465479 8.028272
op 6 85.188 0.6482566083908081 4.448688868007677 8.028272
