begin none 88.504 0.5119515005898476 0.18368888482370455 8.028272
op 0 88.016 0.5354229830551147 0.20378144352418154 8.028272
op 1 87.752 0.5489942885589599 0.20588045264653804 8.028272
op 2 87.828 0.5440522320365906 0.20508340979947726 8.028272
op 3 87.88 0.5387147452163696 0.20607861501338612 8.028272
op 4 88.084 0.5264044891357422 0.20334748624254714 8.028272
op 5 87.428 0.5570315293407441 0.2056836759411942 8.028272
op 6 87.932 0.5462753143310547 0.20447945785696817 8.028272
op 0 85.328 0.629102139415741 0.19668884194144012 8.028272
op 1 85.332 0.6321423413658143 0.19636283229912638 8.028272
op 2 85.412 0.6370512066459656 0.19673234110583773 8.028272
op 3 85.264 0.6400780781936646 0.19703123891545113 8.028272
op 4 84.984 0.6525912459182739 0.19612678360965702 8.028272
op 5 85.096 0.6460046637535095 0.19592756867323005 8.028272
op 6 85.188 0.6482566150283814 0.19889020081133107 8.028272
end none 86.812 0.5435580274772644 0.17124267161616583 8.028272
end none 86.892 0.5458180920600891 0.1738389032580854 8.028272
end none 86.884 0.5282998524284362 0.17269794260154067 8.028272
end none 87.652 0.5160786575031281 0.16980761188484939 8.028272
end none 87.352 0.5413158872795105 0.16803546690279642 8.028272
op 0 86.688 0.5856066155910492 0.19878985218660872 8.028272
op 1 86.716 0.5663605996656418 0.20151362679732007 8.028272
op 2 86.7 0.5732670915603638 0.19642603716662968 8.028272
op 3 86.504 0.5750651349067688 0.20210112400991304 8.028272
op 4 86.528 0.5783078160953522 0.19473700123527052 8.028272
op 5 86.552 0.5808535559558868 0.19059751180055387 8.028272
op 6 86.86 0.5734150860786438 0.19033501097155958 8.028272
op 0 82.448 0.7743393105888366 0.18508696638624114 8.028272
op 1 82.404 0.7721974238014221 0.18626631657257103 8.028272
op 2 82.26 0.7686525748252868 0.19075979014901479 8.028272
op 3 82.464 0.773279888267517 0.19002390377428335 8.028272
op 4 82.304 0.7852988306045532 0.18353672133749135 8.028272
op 5 82.636 0.7740044196128846 0.18671574122736903 8.028272
op 6 82.524 0.7703424649047852 0.18461504768546852 8.028272
end none 86.112 0.5589132207012176 0.16376876518430422 8.028272
end none 86.688 0.5196061553645134 0.16046868310169415 8.028272
end none 86.868 0.5326265820503235 0.16503129178500922 8.028272
end none 86.68 0.5486065191555023 0.16108216541221418 8.028272
end none 87.276 0.5313693970870972 0.16041877825299036 8.028272
op 0 86.596 0.5546239472579956 0.18074996483123973 8.028272
op 1 86.416 0.5498988608837128 0.18196486821993613 8.028272
op 2 86.836 0.5413376371955871 0.1840522163297476 8.028272
op 3 86.492 0.5476882211685181 0.18306435758243209 8.028272
op 4 86.776 0.5404048505401612 0.1807018821639821 8.028272
op 5 86.46 0.5453178018760682 0.1823345287036046 8.028272
op 6 86.604 0.5432881809616089 0.18609097139204822 8.028272
op 0 83.204 0.757183381614685 0.17309809278320434 8.028272
op 1 83.124 0.7635778973960876 0.17405276610027723 8.028272
op 2 83.792 0.7325955568695068 0.1741839767364628 8.028272
op 3 83.544 0.7465087632322311 0.17407901301298795 8.028272
op 4 83.364 0.7560288134765625 0.1747615986546535 8.028272
op 5 83.612 0.7276633919143677 0.17424584783451713 8.028272
op 6 83.416 0.7454835071754455 0.17407875152452446 8.028272
end none 86.156 0.5488254618453979 0.1540894052275764 8.028272
end none 86.592 0.5422285060119629 0.15278824120212128 8.028272
end none 86.632 0.5373882743263244 0.1512246372528336 8.028272
end none 86.916 0.527612123336792 0.15246343333035936 8.028272
end none 87.048 0.541742366886139 0.15139884745602109 8.028272
op 0 86.28 0.5714027117919922 0.17088995480557423 8.028272
op 1 86.296 0.5742676488685607 0.1759745461075469 8.028272
op 2 85.84 0.5779611280441285 0.172484525368618 8.028272
op 3 86.036 0.566563370552063 0.17263707526676034 8.028272
op 4 86.276 0.5693381885147095 0.17191878632258842 8.028272
op 5 86.516 0.5588368012809753 0.17057739091260582 8.028272
op 6 86.308 0.5646274423980713 0.17064246181589182 8.028272
op 0 85.44 0.5972402879142761 0.16200950284324148 8.028272
op 1 85.532 0.5961749871063232 0.16328056869299515 8.028272
op 2 85.492 0.597577191734314 0.1616877116777403 8.028272
op 3 85.276 0.602731294670105 0.1621612680616224 8.028272
op 4 85.828 0.5902307825279236 0.16277895097994743 8.028272
op 5 85.412 0.5995536630249023 0.16168022639168156 8.028272
op 6 85.304 0.6112450223541259 0.1623845295647107 8.028272
end none 86.248 0.5601414023590088 0.14212803108631955 8.028272
end none 86.272 0.5657422556495667 0.14244021248796482 8.028272
end none 86.268 0.5588742996406555 0.14378575196423 8.028272
end none 86.988 0.5257820412445068 0.1421277214239454 8.028272
end none 86.712 0.545654404182434 0.14218990624313008 8.028272
op 0 86.072 0.5801782067489624 0.16195266255918328 8.028272
op 1 86.068 0.5807458441162109 0.16281656482402246 8.028272
op 2 85.472 0.6141268760108948 0.1592585813370831 8.028272
op 3 85.596 0.5974364799499512 0.16180173932191202 8.028272
op 4 85.904 0.5882138451290131 0.1607557656017163 8.028272
op 5 85.888 0.5684886965751648 0.16201449918996572 8.028272
op 6 86.048 0.58519105966568 0.16025428842191045 8.028272
op 0 83.076 0.6910741662788391 0.15432765005904314 8.028272
op 1 83.216 0.6860726346588135 0.15131081662633838 8.028272
op 2 83.548 0.6826798037528992 0.1518092596953463 8.028272
op 3 83.252 0.6953712010574341 0.15073115750789987 8.028272
op 4 83.296 0.6825126061916351 0.15066463371043276 8.028272
op 5 83.42 0.6959106909942627 0.15177086240652463 8.028272
op 6 83.636 0.6829936126708984 0.15069767111040594 8.028272
end none 85.088 0.5328284865665436 0.13360822387754231 8.028272
end none 85.82 0.5178758128070832 0.1349185486216946 8.028272
end none 86.084 0.5189241342926025 0.13666621687205133 8.028272
end none 85.796 0.5393861643028259 0.1341708788857855 8.028272
end none 86.0 0.5308527725601196 0.13453253646455038 8.028272
op 0 85.44 0.5502591693687439 0.1493397009716181 8.028272
op 1 85.524 0.5434662525749206 0.15048317357783428 8.028272
op 2 85.396 0.548323179807663 0.14928004828870028 8.028272
op 3 85.576 0.5503141993522644 0.14941391621447167 8.028272
op 4 85.468 0.5528956125450134 0.14840230670259774 8.028272
op 5 85.016 0.5689433549118041 0.14817594422046523 8.028272
op 6 85.376 0.5658235433101654 0.14797167275744058 8.028272
op 0 80.312 0.7473552570724488 0.1413305647566419 8.028272
op 1 80.312 0.7494188627243042 0.14126578040892626 8.028272
op 2 80.06 0.7647199068069458 0.14139781322787562 8.028272
op 3 80.368 0.7402771262168885 0.14117402094356774 8.028272
op 4 80.492 0.7557205103683472 0.14148808082403697 8.028272
op 5 80.096 0.7565174927902222 0.14138759589989852 8.028272
op 6 80.028 0.7585302193021775 0.14123619497751297 8.028272
end none 84.684 0.5512029348373413 0.12674790673920183 8.028272
end none 85.204 0.5182429603099823 0.13033188381792069 8.028272
end none 85.172 0.5363820122718811 0.1254801631540708 8.028272
end none 85.896 0.5195659843826294 0.1256099969382062 8.028272
end none 85.812 0.5471808161354065 0.12580090500724017 8.028272
op 0 84.864 0.5765057792282104 0.14269048881376414 8.028272
op 1 85.28 0.5561624341106415 0.14207473058310693 8.028272
op 2 84.448 0.5821115066719055 0.14185376766035357 8.028272
op 3 85.216 0.5566908488178253 0.14016235331692697 8.028272
op 4 85.052 0.5616975127029419 0.13983668551168135 8.028272
op 5 84.884 0.575699996805191 0.13962976842680397 8.028272
op 6 85.148 0.5722786429595947 0.13976012619660066 8.028272
op 0 83.8 0.6179159482955933 0.13140612311037186 8.028272
op 1 83.784 0.6121748384094239 0.1340877520899429 8.028272
op 2 83.176 0.6363652381134033 0.1315029709840484 8.028272
op 3 83.796 0.6134116224098206 0.13138082370881343 8.028272
op 4 83.672 0.6118413725662232 0.13148799149648233 8.028272
op 5 83.76 0.622398914642334 0.13179743585660292 8.028272
op 6 83.384 0.6291518724060059 0.13226954779013647 8.028272
end none 85.66 0.5337622520828247 0.11650323359619665 8.028272
end none 85.576 0.5421247098827362 0.11637235762398986 8.028272
end none 86.136 0.5397065303325653 0.11903613432646369 8.028272
end none 85.92 0.5438545080375672 0.11612345704146664 8.028272
end none 85.836 0.5486479662609101 0.1158890610791819 8.028272
op 0 85.56 0.5594788066101074 0.12908476589800186 8.028272
op 1 85.548 0.5540249516868592 0.1297216496961501 8.028272
op 2 85.488 0.5573692297172547 0.1310291458338099 8.028272
op 3 85.212 0.5577819880104065 0.13257119475442278 8.028272
op 4 85.608 0.5484941000175476 0.12897698540130959 8.028272
op 5 85.652 0.5553902128696442 0.12913792327884824 8.028272
op 6 85.372 0.5574654929733276 0.12907873058591582 8.028272
op 0 82.0 0.7477990361976623 0.12378628032467782 8.028272
op 1 82.4 0.743242592830658 0.12290902414342479 8.028272
op 2 82.296 0.7420858966827393 0.12298297124755238 8.028272
op 3 82.176 0.7380357875442505 0.12268884686272011 8.028272
op 4 81.944 0.7440712363433838 0.12291686007719668 8.028272
op 5 82.016 0.7401995197677612 0.12286950188481709 8.028272
op 6 82.008 0.7496603745269775 0.1229029214355018 8.028272
end none 84.536 0.5846954300689697 0.10851968372659877 8.028272
end none 85.388 0.5574281946945191 0.10879141404091017 8.028272
end none 85.408 0.545842636127472 0.10809913303588739 8.028272
end none 85.584 0.5613159583091736 0.11059103126082655 8.028272
end none 85.224 0.5767909762191773 0.108990111909902 8.028272
op 0 85.844 0.5430104543876648 0.12123949455735666 8.028272
op 1 85.48 0.5491019194793701 0.12101477478414088 8.028272
op 2 84.7 0.573156854763031 0.12047009664894942 8.028272
op 3 85.772 0.5503828924274444 0.12148757941444474 8.028272
op 4 85.376 0.5600481488704682 0.1210905640812405 8.028272
op 5 85.548 0.5549718551063537 0.12119343842301146 8.028272
op 6 85.472 0.5518644293212891 0.12226788854688558 8.028272
op 0 84.956 0.5661103012657166 0.11230183465530158 8.028272
op 1 84.916 0.5626513905143737 0.11158870585153208 8.028272
op 2 84.28 0.5965859048652649 0.11200660684972506 8.028272
op 3 84.984 0.5602772579956055 0.11265651222027818 8.028272
op 4 84.716 0.5792874265289306 0.11192027187746618 8.028272
op 5 84.672 0.5831955900764465 0.11150154003354214 8.028272
op 6 84.704 0.574355288143158 0.1113735796702678 8.028272
end none 84.684 0.5657486118125915 0.09899373884286608 8.028272
end none 85.468 0.5435303719425202 0.09897493265683541 8.028272
end none 85.628 0.5356282942008972 0.09901514654750447 8.028272
end none 86.092 0.542169425239563 0.0987316003579008 8.028272
end none 85.904 0.5476574277496338 0.09928696116675502 8.028272
op 0 85.628 0.5457492221450806 0.10971795466235455 8.028272
op 1 85.624 0.5505275591468811 0.10979859771021187 8.028272
op 2 85.108 0.5676182476425171 0.10994199218700075 8.028272
op 3 85.2 0.5552457308864593 0.10979642395925758 8.028272
op 4 85.248 0.5645100536537171 0.11150143640901884 8.028272
op 5 85.228 0.5586673243999482 0.10959431822614177 8.028272
op 6 85.416 0.552408504524231 0.10991613900103152 8.028272
op 0 84.272 0.5724424048328399 0.10065148837859635 8.028272
op 1 84.328 0.5795419476795196 0.10235355393079769 8.028272
op 2 84.1 0.5819737508201599 0.1022351792968257 8.028272
op 3 84.032 0.5894798880195617 0.1010124581684942 8.028272
op 4 84.2 0.5875312919425965 0.10260884524644602 8.028272
op 5 84.048 0.5958005467414856 0.10515125168611289 8.028272
op 6 83.9 0.5987529762268067 0.11049815758352961 8.028272
end none 84.868 0.5527757798290253 0.09347413786713157 8.028272
end none 84.956 0.5537597843551636 0.08966438759051626 8.028272
end none 84.908 0.5748645549011231 0.0913617608180303 8.028272
end none 86.088 0.5242574683666229 0.09004950042709213 8.028272
end none 85.492 0.567453296957016 0.09171690931900993 8.028272
op 0 85.216 0.5676486653327942 0.09991593404060892 8.028272
op 1 85.224 0.5660681811141968 0.10145712084115466 8.028272
op 2 85.028 0.5732154097938538 0.09995622983168992 8.028272
op 3 85.048 0.5671827374458313 0.09868483827151645 8.028272
op 4 85.248 0.5647322696876526 0.09890465175761554 8.028272
op 5 84.728 0.577181501789093 0.10361947982674441 8.028272
op 6 85.032 0.564777156238556 0.10221466134585765 8.028272
op 0 82.388 0.6833491916275024 0.0918419295159714 8.028272
op 1 82.004 0.6832277938270569 0.09307661644466546 8.028272
op 2 82.324 0.6738031455421448 0.09185697165701319 8.028272
op 3 82.224 0.6729027628707885 0.09186018388980376 8.028272
op 4 82.112 0.6770627761077881 0.09191793973660073 8.028272
op 5 82.488 0.6698027861785889 0.09222076815622085 8.028272
op 6 82.288 0.6682913261795044 0.09231148099841173 8.028272
end none 84.56 0.5734604065418243 0.08192714238348786 8.028272
end none 84.864 0.5576423118782043 0.08264864686414447 8.028272
end none 85.096 0.5805870816230774 0.08172175328097189 8.028272
end none 85.692 0.5535290023040772 0.08124241511077832 8.028272
end none 85.628 0.5472525156211853 0.08092717944508623 8.028272
op 0 85.3 0.5815096247673035 0.08843417709950557 8.028272
op 1 85.056 0.5696513684654236 0.09067438568210091 8.028272
op 2 84.972 0.5670791939926147 0.08872815890028082 8.028272
op 3 84.5 0.5855210790634156 0.08876451920918034 8.028272
op 4 84.904 0.5798567715454102 0.08885233983149766 8.028272
op 5 84.98 0.5762357863521576 0.08932857688568781 8.028272
op 6 84.848 0.5825476576995849 0.08873377386432932 8.028272
op 0 81.1 0.7800733282089234 0.08327924011065566 8.028272
op 1 81.392 0.7622094074630738 0.08284012491331266 8.028272
op 2 81.196 0.782564810256958 0.08278413328444562 8.028272
op 3 81.104 0.7725954574203491 0.08223613242492499 8.028272
op 4 81.008 0.7815692900466918 0.08312099002292166 8.028272
op 5 81.44 0.778570477848053 0.08221434373670565 8.028272
op 6 81.256 0.7834148759078979 0.08241579929828796 8.028272
end none 84.04 0.5902864708328247 0.07383498466213989 8.028272
end none 84.128 0.575172979927063 0.07347602377552777 8.028272
end none 84.744 0.5833030025291442 0.07425301080769704 8.028272
end none 85.48 0.5417757986831665 0.07373630998970564 8.028272
end none 85.712 0.5271205053520203 0.07479719358646428 8.028272
op 0 84.936 0.5654511068344116 0.08037284254680013 8.028272
op 1 84.92 0.5701464645957947 0.08064350588223361 8.028272
op 2 79.628 0.7904250778770446 0.08055207271086019 8.028272
op 3 84.456 0.5825083100509644 0.08014200652218269 8.028272
op 4 84.42 0.5925969216156006 0.08176819179469096 8.028272
op 5 85.024 0.5638174596405029 0.07994079967493863 8.028272
op 6 83.66 0.6420217372894287 0.07947121985623484 8.028272
op 0 77.176 0.9581512181663513 0.0714602110302433 8.028272
op 1 77.712 0.9344151631164551 0.07176341318889805 8.028272
op 2 77.228 0.9640293584823608 0.0714212654984992 8.028272
op 3 77.08 0.966721407661438 0.07139453758030673 8.028272
op 4 77.456 0.9453592187690735 0.07317532136288407 8.028272
op 5 77.456 0.9551590511703492 0.07166521730201553 8.028272
op 6 77.268 0.9565407130050659 0.07135587135363189 8.028272
end none 82.02 0.6097824654483796 0.0648409830337233 8.028272
end none 83.992 0.5356664554786682 0.06474037966964875 8.028272
end none 84.22 0.5361624417304993 0.06516431284653942 8.028272
end none 84.68 0.5672672152709961 0.06494387563394236 8.028272
end none 84.54 0.55854287317276 0.06531271219725156 8.028272
op 0 84.82 0.5392918529033661 0.07043289006842524 8.028272
op 1 84.632 0.5344717410469055 0.07021594196653275 8.028272
op 2 84.752 0.535332233877182 0.06956022333048875 8.028272
op 3 83.128 0.5769409300422669 0.06905811015383133 8.028272
op 4 84.744 0.537979108581543 0.06917125208522468 8.028272
op 5 80.248 0.6976861349868775 0.0692942928858673 8.028272
op 6 84.504 0.54161928835392 0.06895873342495402 8.028272
op 0 79.984 0.6685723072433472 0.06179939423237577 8.028272
op 1 80.208 0.6642275697326661 0.06173298079782473 8.028272
op 2 79.092 0.7083895081520081 0.06179473287714145 8.028272
op 3 80.052 0.6756572089385986 0.06130201962616895 8.028272
op 4 80.096 0.6749264403915405 0.061838972097610495 8.028272
op 5 80.18 0.6743667282676696 0.061820481782374176 8.028272
op 6 80.34 0.6661422784042358 0.06165491189817181 8.028272
end none 83.492 0.5297787627601623 0.056463212644219246 8.028272
end none 83.66 0.5473522554016114 0.05653156142424592 8.028272
end none 84.388 0.5182299000740052 0.056670391984531644 8.028272
end none 83.94 0.5557633629798889 0.057529860741847086 8.028272
end none 84.716 0.5480825424575806 0.05740146635247923 8.028272
edge 5 81.804 0.6384612541770935 0.05992602418674647 8.028272
edge 6 82.156 0.6148845625686645 0.05961840307635381 8.028272
edge 7 81.764 0.6398769840621948 0.05970657298155605 8.028272
edge 8 81.652 0.6092617382621766 0.06002881096871308 8.028272
edge 5 82.148 0.635669902420044 0.05880918243752264 8.028272
edge 7 81.66 0.6457181900978088 0.05948225216335043 8.028272
edge 8 81.968 0.6044362590026855 0.059333632467910076 8.028272
edge 2 74.864 0.8526847570037842 0.06067791114539823 8.028272
edge 3 79.464 0.6986309608030319 0.059865838940948476 8.028272
edge 4 72.168 0.984691856174469 0.05818086642238414 8.028272
end none 83.872 0.5287103418636322 0.05498540255448321 8.028272
end none 84.092 0.5231935536956787 0.054728882760047684 8.028272
end none 84.296 0.5341298536777497 0.054542957606208524 8.028272
end none 84.696 0.5089999412155152 0.05478983653394882 8.028272
end none 84.452 0.5409463925170899 0.05463931874474487 8.028272
edge 2 81.412 0.6711201769447327 0.056910659293727496 8.028272
edge 3 76.548 0.7747511908721924 0.05714370849568521 8.028272
edge 4 80.452 0.6767853846168518 0.05789445831661906 8.028272
edge 5 80.52 0.6936975155830384 0.057595246447645645 8.028272
edge 6 80.672 0.693008424873352 0.05653405141161607 8.028272
edge 7 80.392 0.7036295443916321 0.05678244075402046 8.028272
edge 8 78.428 0.7950605580711365 0.0568929140949074 8.028272
edge 5 80.448 0.7000877188491821 0.057078535923415136 8.028272
edge 7 80.168 0.69934633644104 0.056745704869642054 8.028272
edge 8 78.004 0.7983930792999268 0.05664833866493286 8.028272
end none 83.8 0.5469768913269043 0.05438251857338545 8.028272
end none 82.892 0.5782974834489822 0.0538604888645813 8.028272
end none 84.296 0.5282634416007995 0.053835908767988765 8.028272
end none 84.276 0.5539249001693726 0.05290822443002097 8.028272
end none 83.948 0.5514779067802429 0.05306834483857426 8.028272
edge 9 79.156 0.7016016578483582 0.05622792038876001 8.028272
edge 10 80.056 0.6591462035179139 0.05712128628421661 8.028272
edge 11 79.492 0.6467090706062317 0.05574088574141797 8.028272
edge 12 82.22 0.5791586212348938 0.05571143322950586 8.028272
edge 13 81.244 0.5785056932449341 0.05573623622064967 8.028272
edge 9 79.204 0.6998781951808929 0.055998769501829165 8.028272
edge 10 80.524 0.6559261909484864 0.055522886516950316 8.028272
edge 11 79.192 0.6535255061340332 0.055688359475720796 8.028272
edge 13 81.596 0.5730834912681579 0.05573595414781357 8.028272
edge 9 79.24 0.698008351688385 0.05573820957051747 8.028272
edge 10 80.456 0.6577679076004028 0.05538930021026327 8.028272
edge 11 78.936 0.6566477041625977 0.055601191957054846 8.028272
edge 9 71.504 0.8398096643447875 0.053503029815414375 8.028272
edge 10 70.612 0.8873956197738647 0.05324596839378138 8.028272
edge 11 71.028 0.8766909778404236 0.053482719337391425 8.028272
edge 12 68.516 0.9489826781082153 0.05367539091812223 8.028272
edge 13 70.484 0.8817660796356201 0.05347117971714653 8.028272
edge 10 70.94 0.8800982413864136 0.05301874026041621 8.028272
edge 11 70.704 0.8844150347137452 0.0533651382069263 8.028272
edge 12 67.952 0.9548534579467773 0.05321921275742828 8.028272
edge 13 70.572 0.8834160091781617 0.053653636120755195 8.028272
edge 11 70.992 0.8800707767677307 0.05318647915797541 8.028272
edge 12 68.304 0.9440145906829834 0.05295936005604465 8.028272
edge 13 70.08 0.884921056060791 0.05284680455537213 8.028272
end none 82.512 0.5320313924217224 0.04981837432493296 8.028272
