begin none 88.508 0.5085051454734802 0.19133603004345676 8.028272
op 0 87.748 0.5412288473415374 0.22284185891801878 8.028272
op 1 87.82 0.5453042436981201 0.22184408567798183 8.028272
op 2 87.72 0.5419571810626984 0.22269017332235871 8.028272
op 3 87.624 0.5328976832962036 0.2246356674784418 8.028272
op 4 87.464 0.545788758649826 0.22404627245791314 8.028272
op 5 87.588 0.5438279672050476 0.22352670189803062 8.028272
op 6 87.604 0.5438901965713501 0.22338028270048577 8.028272
op 0 82.884 0.759888572435379 0.21566225989254864 8.028272
op 1 82.772 0.765381123919487 0.2152764955678445 8.028272
op 2 82.744 0.7595298718833924 0.21536709622794387 8.028272
op 3 82.84 0.7586330403327942 0.2153277730460867 8.028272
op 4 83.136 0.7434549295043945 0.2152968467674111 8.028272
op 5 83.224 0.7608652530097961 0.21541207992588468 8.028272
op 6 82.896 0.7568381008148193 0.21530128110979047 8.028272
end none 86.372 0.5758222501087189 0.1871817550970875 8.028272
end none 87.08 0.5484149349021912 0.1858424830585099 8.028272
end none 86.88 0.5417213753604889 0.18677126985969847 8.028272
end none 87.228 0.5494865769004822 0.18560041159586718 8.028272
end none 87.404 0.5353128784179687 0.1854781608080582 8.028272
op 0 86.624 0.5790725388908387 0.21441183240650713 8.028272
op 1 86.804 0.5722621057128906 0.2150891322917674 8.028272
op 2 86.364 0.5824781011581421 0.21502103249106527 8.028272
op 3 86.652 0.5787365556526184 0.21490942748368283 8.028272
op 4 86.832 0.5704156614685059 0.2147252468720955 8.028272
op 5 86.592 0.5695462832260132 0.21498543846056514 8.028272
op 6 86.872 0.570665935382843 0.2154737688622454 8.028272
op 0 85.688 0.6226312048149109 0.20483265278796614 8.028272
op 1 85.496 0.6411158571624755 0.2048309374859085 8.028272
op 2 85.7 0.6169984232139587 0.20481011487455453 8.028272
op 3 85.24 0.6310605870246887 0.20435043052910729 8.028272
op 4 85.512 0.6232537002944947 0.20476985930958214 8.028272
op 5 85.524 0.6165800695800782 0.2048315095805737 8.028272
op 6 85.58 0.6215333438301086 0.2048414285780619 8.028272
end none 86.556 0.553291980266571 0.17470371649633912 8.028272
end none 86.66 0.5430861256599426 0.1748774168849744 8.028272
end none 86.512 0.5477939746952057 0.17528464500744687 8.028272
end none 86.632 0.5543908386421204 0.17498210534010358 8.028272
end none 86.968 0.5592507339096069 0.17564802486425662 8.028272
op 0 86.416 0.5719661071014405 0.20174126928348257 8.028272
op 1 86.62 0.5682300604152679 0.20263623085666133 8.028272
op 2 86.368 0.5663671327495575 0.20217119701518713 8.028272
op 3 86.276 0.5660878941822052 0.2021645005706631 8.028272
op 4 86.452 0.5641164629554749 0.20196812526892174 8.028272
op 5 86.272 0.5621182792282104 0.20179425744230256 8.028272
op 6 86.26 0.5606434525394439 0.20182733454496202 8.028272
op 0 83.14 0.7159595775604248 0.19352904389507572 8.028272
op 1 82.696 0.7450334094810486 0.1937872770003012 8.028272
op 2 82.904 0.7235961681938171 0.19396545190025893 8.028272
op 3 82.804 0.7282393287181854 0.19403638573163343 8.028272
op 4 83.052 0.713595253982544 0.19420538367250997 8.028272
op 5 83.184 0.7086632209014893 0.19409368806125601 8.028272
op 6 83.036 0.7130532276344299 0.19407900891271526 8.028272
end none 84.96 0.5725769383239746 0.1640033656802705 8.028272
end none 86.124 0.5299694536972046 0.16374150435845164 8.028272
end none 86.316 0.5554419633483887 0.16372751402835387 8.028272
end none 86.32 0.5510418788909912 0.16734147422751675 8.028272
end none 86.588 0.5454669334316253 0.16592876095374776 8.028272
op 0 85.824 0.5689671350479126 0.19182263578221564 8.028272
op 1 85.916 0.5659112707042694 0.19207584356253163 8.028272
op 2 85.4 0.5721980507087707 0.19215660641932159 8.028272
op 3 86.268 0.5597582380867004 0.19225756484893677 8.028272
op 4 86.056 0.5641052000808716 0.19238628013073789 8.028272
op 5 85.924 0.5665891604137421 0.19287472612241194 8.028272
op 6 85.864 0.5753377203178406 0.19246813950136 8.028272
op 0 84.716 0.6172927202224732 0.18226600662374015 8.028272
op 1 84.632 0.6167576293563842 0.18224378838084754 8.028272
op 2 84.488 0.6204794004821778 0.1824414460976963 8.028272
op 3 85.028 0.6147375253486633 0.18255440344738647 8.028272
op 4 84.476 0.6246985451984406 0.18231385322811697 8.028272
op 5 84.772 0.607514187374115 0.18162570956051158 8.028272
op 6 84.564 0.6217186633110047 0.1807587264424852 8.028272
end none 85.624 0.5774985229492188 0.15601859849882418 8.028272
end none 86.3 0.5375553021907806 0.15357582186720312 8.028272
end none 86.064 0.5687039974784851 0.15392879317657512 8.028272
end none 86.456 0.5523200443172455 0.15633319706901375 8.028272
end none 86.376 0.5656009752464295 0.15409003375241023 8.028272
op 0 85.768 0.5820954985046387 0.1776710467667931 8.028272
op 1 85.988 0.5830600756072998 0.1776541310054062 8.028272
op 2 85.464 0.6020074060630798 0.17811619509737986 8.028272
op 3 85.344 0.6082002805662156 0.17771302954450993 8.028272
op 4 86.084 0.5773503263044357 0.17940987454241383 8.028272
op 5 85.868 0.5799285808563233 0.17789836807886278 8.028272
op 6 85.868 0.5823114663314819 0.17803607703558147 8.028272
op 0 78.812 0.8419827434921264 0.17006959337348124 8.028272
op 1 79.252 0.8266949354934693 0.17018440512814048 8.028272
op 2 79.784 0.7913743703556061 0.1697832129948089 8.028272
op 3 79.632 0.806384681892395 0.1700786410662991 8.028272
op 4 79.468 0.811099789352417 0.1693267154172682 8.028272
op 5 79.292 0.8158707033920288 0.1696884294398977 8.028272
op 6 79.18 0.8092124241638183 0.17126285131720592 8.028272
end none 84.88 0.5310204432868958 0.14512047467007758 8.028272
end none 84.812 0.5597148923492432 0.14523776342241984 8.028272
end none 85.772 0.5334090147209167 0.14535014030685567 8.028272
end none 85.184 0.5788408183813095 0.14645551072667018 8.028272
end none 85.876 0.5527901511001587 0.1450795169432631 8.028272
op 0 85.66 0.5552156542205811 0.16725786598970938 8.028272
op 1 85.692 0.565089188489914 0.16886574778017466 8.028272
op 2 85.44 0.5631726944065094 0.16788173628413616 8.028272
op 3 85.232 0.5623054410552979 0.16897566288726315 8.028272
op 4 85.628 0.5533609263801574 0.16782974899994196 8.028272
op 5 85.512 0.5638144355201721 0.1676574409951258 8.028272
op 6 85.52 0.5620526933765412 0.1677227371665256 8.028272
op 0 82.012 0.7386828476905822 0.16033944348885637 8.028272
op 1 82.492 0.7092779841804504 0.15868384660581303 8.028272
op 2 81.624 0.7464170267105102 0.1589727601402051 8.028272
op 3 82.128 0.7203452793884277 0.1584814768314333 8.028272
op 4 82.072 0.7220871456432343 0.1585214803682502 8.028272
op 5 82.104 0.7212232792663574 0.15884857680565198 8.028272
op 6 82.092 0.7172860557937623 0.15902065254493003 8.028272
end none 85.356 0.5313711280441284 0.13708483490049647 8.028272
end none 85.292 0.5243976298522949 0.137538065337707 8.028272
end none 85.764 0.5330035766983032 0.13653201689524458 8.028272
end none 86.1 0.5300991774940491 0.13651976572609295 8.028272
end none 85.764 0.5359339071083069 0.13670675394118137 8.028272
op 0 85.092 0.5543254119873047 0.1565724994190504 8.028272
op 1 85.328 0.5610568354606629 0.15685610216863624 8.028272
op 2 85.036 0.5696154425430298 0.15717307109709666 8.028272
op 3 85.532 0.55149260389328 0.15687399383103165 8.028272
op 4 85.352 0.5573682868003845 0.15684573700272805 8.028272
op 5 85.364 0.5545065263748169 0.15698515983891514 8.028272
op 6 85.436 0.5590583669662476 0.15676497851910492 8.028272
op 0 84.736 0.5745759603118896 0.1464680419845359 8.028272
op 1 84.432 0.5881296260261536 0.14669024542181294 8.028272
op 2 84.304 0.5994118306112289 0.14636774726814644 8.028272
op 3 84.624 0.5810752113056182 0.14685770296170125 8.028272
op 4 84.316 0.5867439092445373 0.146716235621768 8.028272
op 5 84.4 0.5885562712669372 0.14656057531166528 8.028272
op 6 84.536 0.5979782991218567 0.14695676840910846 8.028272
end none 85.248 0.5467196894073486 0.12697640435038912 8.028272
end none 85.636 0.5469895608329773 0.12799269579234235 8.028272
end none 85.404 0.5552972302246094 0.12739042028108294 8.028272
end none 86.016 0.5345227281188965 0.12781373439880703 8.028272
end none 86.356 0.5563369665145874 0.12681502218136703 8.028272
op 0 85.46 0.5621994150638581 0.1439248442892795 8.028272
op 1 85.776 0.5537795501327515 0.14419724776461967 8.028272
op 2 85.216 0.5726915056991577 0.14440493135834517 8.028272
op 3 85.488 0.5656241522789002 0.14439864736586294 8.028272
op 4 85.884 0.5652463172912597 0.14448511336579958 8.028272
op 5 85.72 0.5587280669593812 0.14435960109407545 8.028272
op 6 85.76 0.5655991133880616 0.14476710533284964 8.028272
op 0 85.064 0.5763127571868897 0.13485731697960487 8.028272
op 1 85.308 0.5726586776542664 0.13485831696697323 8.028272
op 2 85.088 0.5688244895935058 0.13477999155226228 8.028272
op 3 85.288 0.5709992501354217 0.1354094889846242 8.028272
op 4 85.044 0.5699245017433167 0.13669515074923863 8.028272
op 5 85.068 0.5789166600036622 0.13617545881611118 8.028272
op 6 84.936 0.5775758948516846 0.1359974293608714 8.028272
end none 85.008 0.5611002026748657 0.11769536299490467 8.028272
end none 85.4 0.5746111401748657 0.11682611350637034 8.028272
end none 85.38 0.5835908304405213 0.11716510323555115 8.028272
end none 85.748 0.5749202106571197 0.11750091258329257 8.028272
end none 85.98 0.5564471631813049 0.1179093964120416 8.028272
op 0 85.116 0.5739126108169555 0.13329819548289146 8.028272
op 1 85.152 0.5783632507896423 0.13231735908166717 8.028272
op 2 84.596 0.5906069625377655 0.13267300129675155 8.028272
op 3 85.188 0.584202793560028 0.13259606739646657 8.028272
op 4 85.02 0.5763372046852112 0.13255827322714223 8.028272
op 5 85.156 0.5792246054267883 0.13229789802044764 8.028272
op 6 85.104 0.5727290777587891 0.13225982485153256 8.028272
op 0 84.788 0.5797341694545746 0.1219998231971079 8.028272
op 1 84.552 0.5822863451004028 0.12206400481298033 8.028272
op 2 84.084 0.5981937482452393 0.12212331908936029 8.028272
op 3 84.612 0.5922378689575195 0.12206504772336263 8.028272
op 4 84.236 0.5915847714042664 0.12210460157250352 8.028272
op 5 84.812 0.5857370472526551 0.12197554704871343 8.028272
op 6 84.444 0.5854543746757507 0.12201064360349456 8.028272
end none 85.64 0.5426013162612915 0.10709511228632229 8.028272
end none 85.3 0.5426725454711914 0.10689627105856071 8.028272
end none 85.464 0.5533946158790588 0.10667020164232444 8.028272
end none 85.548 0.5468063207435608 0.10766312667011471 8.028272
end none 85.624 0.5474416149902344 0.10689079206403526 8.028272
op 0 85.264 0.5610302148246765 0.1197538133043691 8.028272
op 1 85.22 0.564947949886322 0.11992512497207736 8.028272
op 2 84.608 0.5754401179981232 0.11973310960099444 8.028272
op 3 85.028 0.5720293092918396 0.12003213878008812 8.028272
op 4 84.932 0.5729371977043152 0.11952213404040374 8.028272
op 5 84.96 0.5747190707778931 0.1195902996881129 8.028272
op 6 84.988 0.5738837313842774 0.11961673294870502 8.028272
op 0 83.664 0.6081162265205383 0.10942576969783191 8.028272
op 1 83.964 0.6076933396720886 0.10950882960577756 8.028272
op 2 84.04 0.6070796165466309 0.10944374835790346 8.028272
op 3 83.708 0.6162666338729859 0.10947668776714035 8.028272
op 4 83.852 0.6138476884651184 0.10935209659368866 8.028272
op 5 83.932 0.6129176508712768 0.10939524356273415 8.028272
op 6 83.856 0.6173418903541565 0.1103170815375312 8.028272
end none 84.748 0.5606253038024902 0.09641026026304916 8.028272
end none 84.868 0.5530230360603332 0.09697703393640668 8.028272
end none 84.78 0.5765631154060363 0.0972916466193488 8.028272
end none 85.724 0.5498771536827087 0.09677873082611414 8.028272
end none 85.724 0.5454001857948303 0.0961929665856978 8.028272
op 0 85.072 0.5813379434394836 0.10732286515624245 8.028272
op 1 84.864 0.5787877383995056 0.10786308417134845 8.028272
op 2 84.872 0.578101936006546 0.10729038345513156 8.028272
op 3 84.948 0.5697116694259644 0.10726692131482293 8.028272
op 4 85.032 0.5790413798522949 0.10725992201836994 8.028272
op 5 84.716 0.5831524177837372 0.10742593242708222 8.028272
op 6 84.908 0.5762718347740173 0.10735249107934611 8.028272
op 0 82.536 0.6743254001140595 0.09851922863163054 8.028272
op 1 82.644 0.6742939714622498 0.0985257884599459 8.028272
op 2 82.46 0.6715326803588867 0.09850427152438904 8.028272
op 3 82.284 0.6794706196022033 0.09847558363426544 8.028272
op 4 82.012 0.6780523776626587 0.0984927832555083 8.028272
op 5 82.468 0.6711772196388245 0.09833161898500398 8.028272
op 6 82.044 0.6876717012023926 0.0984255600461017 8.028272
end none 85.024 0.5527198794555664 0.0875575623243971 8.028272
end none 85.2 0.5604672309207916 0.08696955060312415 8.028272
end none 85.52 0.5562388434982299 0.08670993225858606 8.028272
end none 85.808 0.564592680644989 0.08687711134255219 8.028272
end none 85.336 0.5666463099575043 0.08707365674643165 8.028272
op 0 84.956 0.566900687789917 0.0961691676722387 8.028272
op 1 85.096 0.5818389237403869 0.09619052798184745 8.028272
op 2 84.964 0.5727083750724793 0.09618809298955171 8.028272
op 3 84.872 0.5787877718353271 0.09618489072381821 8.028272
op 4 84.864 0.5787637612056732 0.09622706425831179 8.028272
op 5 83.932 0.6191000721168518 0.09610570811778497 8.028272
op 6 84.916 0.5739711389350891 0.09609696232234997 8.028272
op 0 83.6 0.5994775235462189 0.08736602238098355 8.028272
op 1 83.704 0.5987310348129272 0.08739880377979344 8.028272
op 2 83.7 0.6095520252990723 0.08735167585930233 8.028272
op 3 83.632 0.6110945672607422 0.08728333359853367 8.028272
op 4 83.508 0.608042924079895 0.0873101247621038 8.028272
op 5 83.504 0.6132912433242798 0.08739667350921751 8.028272
op 6 83.588 0.6069994268417358 0.08739156235316697 8.028272
end none 84.804 0.5566983235931396 0.077282135447492 8.028272
end none 85.096 0.5436829758071899 0.07744719508959128 8.028272
end none 85.54 0.5359235843849182 0.07741035574682704 8.028272
end none 85.696 0.5460148084831238 0.0773447263989445 8.028272
end none 85.352 0.5566706452560425 0.07740443073632315 8.028272
op 0 84.6 0.5802429857444763 0.08483150438107837 8.028272
op 1 85.228 0.5682262643051147 0.08479291977970611 8.028272
op 2 83.392 0.6217104512405396 0.08517442619704339 8.028272
op 3 83.02 0.6612970091438294 0.08475338590278973 8.028272
op 4 84.844 0.5771695340156555 0.0847725314838464 8.028272
op 5 85.032 0.5801062956237792 0.08489300075935109 8.028272
op 6 84.14 0.6276616576099395 0.08517052380837348 8.028272
op 0 65.528 1.394503064956665 0.07716202143224818 8.028272
op 1 66.26 1.3632774964904786 0.07760401477779993 8.028272
op 2 65.956 1.3655109423446656 0.07700879558565957 8.028272
op 3 66.464 1.3469021602630615 0.07704322992840691 8.028272
op 4 66.56 1.3457858473205566 0.07706748776714248 8.028272
op 5 66.788 1.349541721687317 0.07707489936319573 8.028272
op 6 66.764 1.3547330967712403 0.07705812138574356 8.028272
end none 82.476 0.5708090643882752 0.06863526958862648 8.028272
end none 83.684 0.5486602474403381 0.06927938625821486 8.028272
end none 83.732 0.5512210816192626 0.06867186151935584 8.028272
end none 84.956 0.5127052822113037 0.06867939581298996 8.028272
end none 84.492 0.5400321408653259 0.06855720386166325 8.028272
op 0 83.604 0.5693343833398818 0.07426667334023587 8.028272
op 1 83.68 0.5661499063873291 0.07425372170336793 8.028272
op 2 83.32 0.573713011341095 0.07433814988257197 8.028272
op 3 80.936 0.6600586021137238 0.07437452156980381 8.028272
op 4 83.476 0.5661454110622406 0.07421851962390344 8.028272
op 5 81.596 0.6253420582580567 0.07437532341412609 8.028272
op 6 82.68 0.6072944208908081 0.07434995420743971 8.028272
op 0 56.98 1.9531118257904052 0.06673638741164219 8.028272
op 1 57.272 1.947891655807495 0.06664292687488257 8.028272
op 2 57.328 1.9413472691345215 0.06703722990794427 8.028272
op 3 57.14 1.9668466178894044 0.06663727247075218 8.028272
op 4 57.332 1.9507957838439942 0.06671729271628839 8.028272
op 5 57.164 1.9630675523376464 0.06662449739632838 8.028272
op 6 57.384 1.9414553762054443 0.06660120688733714 8.028272
end none 82.676 0.5402569430541992 0.06038104815889731 8.028272
end none 83.428 0.5240801203536988 0.06042311023241933 8.028272
end none 84.224 0.5146998824501038 0.0604510887471192 8.028272
end none 84.652 0.5134826197242737 0.06037483291040696 8.028272
end none 84.236 0.5419683422851562 0.060305238897314345 8.028272
edge 5 80.516 0.6482419249725342 0.06440814965954789 8.028272
edge 6 81.272 0.6073401757431031 0.06450521547044806 8.028272
edge 7 83.072 0.5691296532440185 0.06441604907390998 8.028272
edge 8 80.224 0.6347833695602417 0.06440869089730485 8.028272
edge 5 80.608 0.645044746723175 0.0643829768261565 8.028272
edge 6 80.548 0.6163249808883667 0.06444167239886835 8.028272
edge 8 79.972 0.6381817025375366 0.06454982997461334 8.028272
edge 2 76.62 0.7843228802871705 0.06405630804326795 8.028272
edge 3 76.408 0.7772464836883545 0.06438710858873889 8.028272
edge 4 75.644 0.8278704034996033 0.06495894052450309 8.028272
end none 83.796 0.530477541217804 0.060632657549698904 8.028272
end none 83.944 0.5323558959388733 0.060175249150589756 8.028272
end none 84.928 0.5085802916717529 0.059552021375845386 8.028272
end none 84.416 0.5285181823921203 0.05959174393609528 8.028272
end none 84.836 0.5365819437789917 0.059754126588516226 8.028272
edge 2 79.336 0.7099264279365539 0.0637307074397345 8.028272
edge 3 80.008 0.673932050743103 0.06368374175694592 8.028272
edge 4 78.904 0.7149245490646362 0.06361007042195829 8.028272
edge 5 78.556 0.7299523789787292 0.06242000963955718 8.028272
edge 6 78.488 0.7348566863632202 0.06235497993598108 8.028272
edge 7 79.644 0.7007192326927185 0.06242945880564811 8.028272
edge 8 79.836 0.6931171815109253 0.06258881349376191 8.028272
edge 5 78.68 0.730141067647934 0.06252247513548169 8.028272
edge 6 79.024 0.734905936088562 0.06251753417386785 8.028272
edge 7 79.756 0.6971192809200287 0.06271916303826529 8.028272
end none 83.856 0.5282633699321747 0.05924230422276784 8.028272
end none 84.444 0.5146768806838989 0.05919054779045455 8.028272
end none 83.98 0.5344623997592926 0.05934176239413697 8.028272
end none 85.352 0.48015472394943237 0.058457929168796864 8.028272
end none 84.708 0.5304903387403488 0.059242523344986316 8.028272
edge 9 78.92 0.6998188360214234 0.0632212623606062 8.028272
edge 10 80.596 0.6264747031211853 0.0630880003125714 8.028272
edge 11 82.036 0.606192200756073 0.06219766702076606 8.028272
edge 12 82.572 0.5866476081466675 0.06219055619188454 8.028272
edge 13 81.66 0.5682747574615479 0.062192169043695185 8.028272
edge 9 79.368 0.6951693074607849 0.06283592432201424 8.028272
edge 10 80.84 0.6291880243492126 0.0628422022638771 8.028272
edge 11 81.856 0.6068993700027466 0.06220151919185582 8.028272
edge 13 81.568 0.5722477194404602 0.062177949091967416 8.028272
edge 9 79.096 0.6982278931236268 0.062092026570559386 8.028272
edge 10 80.704 0.6267767071151733 0.062197573823601845 8.028272
edge 13 81.46 0.5678589146995544 0.06222684830462898 8.028272
edge 9 74.628 0.7569593567466736 0.05934733684148515 8.028272
edge 10 75.04 0.7442062844467163 0.0593512878798501 8.028272
edge 11 75.88 0.7154054434776306 0.05925368885938412 8.028272
edge 12 75.532 0.7248990943527222 0.05929377041709469 8.028272
edge 13 74.252 0.768358026714325 0.05927572136832987 8.028272
edge 9 74.304 0.7605073283004761 0.05932102312543489 8.028272
edge 10 75.16 0.7414696253585815 0.0593359063580737 8.028272
edge 12 75.628 0.7222919682884217 0.0593259308744422 8.028272
edge 13 73.748 0.7801124976921081 0.05941697898204141 8.028272
edge 9 74.588 0.7608283952236176 0.059416540106996665 8.028272
edge 10 75.156 0.7419825575447082 0.05954404187726948 8.028272
edge 13 74.288 0.7768075169563293 0.05933681841167952 8.028272
end none 83.268 0.49397249376297 0.056655181247902954 8.028272
